0.0
2.525
21.0
16.853
6.754
42.006
1.053
26.405
51.355
7.938
3.588
23.236
24.504
4.7
1.937
5.719
1.837
2.673
1.452
1.255
5.467
1.588
29.485
7.922
16.834
46.488
26.855
3.617
3.154
36.605
7.171
45.724
34.923
28.31
34.423
4.918
29.637
5.585
9.254
10.289
28.503
38.801
8.22
5.137
2.035
5.155
13.104
10.986
10.038
29.037
12.421
20.238
2.119
29.942
19.669
28.404
6.335
3.05
8.305
6.204
44.506
46.992
5.621
18.872
38.29
0.018
8.101
24.484
8.105
24.956
5.667
15.755
32.023
5.287
22.522
35.956
6.903
26.171
40.888
6.118
2.037
24.537
0.468
52.405
22.153
2.751
7.122
2.437
4.842
11.837
6.55
24.287
0.067
1.4
40.991
19.254
1.123
19.768
16.497
0.453
8.285
30.88
25.901
12.176
4.323
13.337
10.105
15.867
30.417
59.84
4.542
12.485
0.134
4.172
31.004
33.509
47.799
53.349
61.76
20.754
22.522
29.889
31.121
36.606
25.305
34.253
